"juaari_id","date","bet_id","match_id","delta_winnings_this_game","accumulated_winnings"
"1","2025-03-22 14:00:00+00","3","1","18.30","18.30"
"1","2025-03-23 10:00:00+00","17","2","-5.00","13.30"
"1","2025-03-23 14:00:00+00","31","3","-5.00","8.30"
"1","2025-03-24 14:00:00+00","45","4","-5.00","3.30"
"1","2025-03-25 14:00:00+00","59","5","-5.00","-1.70"
"1","2025-03-26 14:00:00+00","73","6","-5.00","-6.70"
"1","2025-03-27 14:00:00+00","87","7","-5.00","-11.70"
"1","2025-03-28 14:00:00+00","101","8","-5.00","-16.70"
"1","2025-03-29 14:00:00+00","115","9","18.40","1.70"
"1","2025-03-30 10:00:00+00","129","10","-5.00","-3.30"
"1","2025-03-30 14:00:00+00","143","11","12.50","9.20"
"1","2025-03-31 14:00:00+00","157","12","-5.00","4.20"
"1","2025-04-01 14:00:00+00","171","13","-5.00","-0.80"
"1","2025-04-02 14:00:00+00","185","14","-5.00","-5.80"
"1","2025-04-03 14:00:00+00","199","15","-5.00","-10.80"
"1","2025-04-04 14:00:00+00","213","16","-5.00","-15.80"
"1","2025-04-05 10:00:00+00","227","17","-5.00","-20.80"
"2","2025-03-22 14:00:00+00","2","1","-5.00","-5.00"
"2","2025-03-23 10:00:00+00","16","2","-5.00","-10.00"
"2","2025-03-23 14:00:00+00","30","3","-5.00","-15.00"
"2","2025-03-24 14:00:00+00","44","4","-5.00","-20.00"
"2","2025-03-25 14:00:00+00","58","5","-5.00","-25.00"
"2","2025-03-26 14:00:00+00","72","6","-5.00","-30.00"
"2","2025-03-27 14:00:00+00","86","7","-5.00","-35.00"
"2","2025-03-28 14:00:00+00","100","8","-5.00","-40.00"
"2","2025-03-29 14:00:00+00","114","9","18.30","-21.70"
"2","2025-03-30 10:00:00+00","128","10","-5.00","-26.70"
"2","2025-03-30 14:00:00+00","142","11","-5.00","-31.70"
"2","2025-03-31 14:00:00+00","156","12","-5.00","-36.70"
"2","2025-04-01 14:00:00+00","170","13","-5.00","-41.70"
"2","2025-04-02 14:00:00+00","184","14","-5.00","-46.70"
"2","2025-04-03 14:00:00+00","198","15","-5.00","-51.70"
"2","2025-04-04 14:00:00+00","212","16","-5.00","-56.70"
"2","2025-04-05 10:00:00+00","226","17","-5.00","-61.70"
"3","2025-03-22 14:00:00+00","1","1","-5.00","-5.00"
"3","2025-03-23 10:00:00+00","15","2","-5.00","-10.00"
"3","2025-03-23 14:00:00+00","29","3","-5.00","-15.00"
"3","2025-03-24 14:00:00+00","43","4","-5.00","-20.00"
"3","2025-03-25 14:00:00+00","57","5","-5.00","-25.00"
"3","2025-03-26 14:00:00+00","71","6","-5.00","-30.00"
"3","2025-03-27 14:00:00+00","85","7","18.30","-11.70"
"3","2025-03-28 14:00:00+00","99","8","30.00","18.30"
"3","2025-03-29 14:00:00+00","113","9","-5.00","13.30"
"3","2025-03-30 10:00:00+00","127","10","-5.00","8.30"
"3","2025-03-30 14:00:00+00","141","11","-5.00","3.30"
"3","2025-03-31 14:00:00+00","155","12","-5.00","-1.70"
"3","2025-04-01 14:00:00+00","169","13","-5.00","-6.70"
"3","2025-04-02 14:00:00+00","183","14","-5.00","-11.70"
"3","2025-04-03 14:00:00+00","197","15","12.50","0.80"
"3","2025-04-04 14:00:00+00","211","16","-5.00","-4.20"
"3","2025-04-05 10:00:00+00","225","17","-5.00","-9.20"
"4","2025-03-22 14:00:00+00","4","1","-5.00","-5.00"
"4","2025-03-23 10:00:00+00","18","2","-5.00","-10.00"
"4","2025-03-23 14:00:00+00","32","3","-5.00","-15.00"
"4","2025-03-24 14:00:00+00","46","4","9.00","-6.00"
"4","2025-03-25 14:00:00+00","60","5","-5.00","-11.00"
"4","2025-03-26 14:00:00+00","74","6","-5.00","-16.00"
"4","2025-03-27 14:00:00+00","88","7","-5.00","-21.00"
"4","2025-03-28 14:00:00+00","102","8","-5.00","-26.00"
"4","2025-03-29 14:00:00+00","116","9","-5.00","-31.00"
"4","2025-03-30 10:00:00+00","130","10","18.30","-12.70"
"4","2025-03-30 14:00:00+00","144","11","12.50","-0.20"
"4","2025-03-31 14:00:00+00","158","12","-5.00","-5.20"
"4","2025-04-01 14:00:00+00","172","13","-5.00","-10.20"
"4","2025-04-02 14:00:00+00","186","14","-5.00","-15.20"
"4","2025-04-03 14:00:00+00","200","15","-5.00","-20.20"
"4","2025-04-04 14:00:00+00","214","16","-5.00","-25.20"
"4","2025-04-05 10:00:00+00","228","17","-5.00","-30.20"
"5","2025-03-22 14:00:00+00","5","1","-5.00","-5.00"
"5","2025-03-23 10:00:00+00","19","2","-5.00","-10.00"
"5","2025-03-23 14:00:00+00","33","3","-5.00","-15.00"
"5","2025-03-24 14:00:00+00","47","4","-5.00","-20.00"
"5","2025-03-25 14:00:00+00","61","5","-5.00","-25.00"
"5","2025-03-26 14:00:00+00","75","6","-5.00","-30.00"
"5","2025-03-27 14:00:00+00","89","7","-5.00","-35.00"
"5","2025-03-28 14:00:00+00","103","8","-5.00","-40.00"
"5","2025-03-29 14:00:00+00","117","9","-5.00","-45.00"
"5","2025-03-30 10:00:00+00","131","10","-5.00","-50.00"
"5","2025-03-30 14:00:00+00","145","11","-5.00","-55.00"
"5","2025-03-31 14:00:00+00","159","12","12.50","-42.50"
"5","2025-04-01 14:00:00+00","173","13","-5.00","-47.50"
"5","2025-04-02 14:00:00+00","187","14","-5.00","-52.50"
"5","2025-04-03 14:00:00+00","201","15","-5.00","-57.50"
"5","2025-04-04 14:00:00+00","215","16","-5.00","-62.50"
"5","2025-04-05 10:00:00+00","229","17","-5.00","-67.50"
"6","2025-03-22 14:00:00+00","6","1","-5.00","-5.00"
"6","2025-03-23 10:00:00+00","20","2","-5.00","-10.00"
"6","2025-03-23 14:00:00+00","34","3","-5.00","-15.00"
"6","2025-03-24 14:00:00+00","48","4","9.00","-6.00"
"6","2025-03-25 14:00:00+00","62","5","-5.00","-11.00"
"6","2025-03-26 14:00:00+00","76","6","65.00","54.00"
"6","2025-03-27 14:00:00+00","90","7","18.30","72.30"
"6","2025-03-28 14:00:00+00","104","8","-5.00","67.30"
"6","2025-03-29 14:00:00+00","118","9","-5.00","62.30"
"6","2025-03-30 10:00:00+00","132","10","-5.00","57.30"
"6","2025-03-30 14:00:00+00","146","11","12.50","69.80"
"6","2025-03-31 14:00:00+00","160","12","-5.00","64.80"
"6","2025-04-01 14:00:00+00","174","13","-5.00","59.80"
"6","2025-04-02 14:00:00+00","188","14","-5.00","54.80"
"6","2025-04-03 14:00:00+00","202","15","-5.00","49.80"
"6","2025-04-04 14:00:00+00","216","16","-5.00","44.80"
"6","2025-04-05 10:00:00+00","230","17","9.00","53.80"
"7","2025-03-22 14:00:00+00","7","1","-5.00","-5.00"
"7","2025-03-23 10:00:00+00","21","2","-5.00","-10.00"
"7","2025-03-23 14:00:00+00","35","3","-5.00","-15.00"
"7","2025-03-24 14:00:00+00","49","4","9.00","-6.00"
"7","2025-03-25 14:00:00+00","63","5","30.00","24.00"
"7","2025-03-26 14:00:00+00","77","6","-5.00","19.00"
"7","2025-03-27 14:00:00+00","91","7","18.30","37.30"
"7","2025-03-28 14:00:00+00","105","8","-5.00","32.30"
"7","2025-03-29 14:00:00+00","119","9","-5.00","27.30"
"7","2025-03-30 10:00:00+00","133","10","18.40","45.70"
"7","2025-03-30 14:00:00+00","147","11","-5.00","40.70"
"7","2025-03-31 14:00:00+00","161","12","12.50","53.20"
"7","2025-04-01 14:00:00+00","175","13","-5.00","48.20"
"7","2025-04-02 14:00:00+00","189","14","30.00","78.20"
"7","2025-04-03 14:00:00+00","203","15","12.50","90.70"
"7","2025-04-04 14:00:00+00","217","16","-5.00","85.70"
"7","2025-04-05 10:00:00+00","231","17","9.00","94.70"
"8","2025-03-22 14:00:00+00","8","1","-5.00","-5.00"
"8","2025-03-23 10:00:00+00","22","2","9.00","4.00"
"8","2025-03-23 14:00:00+00","36","3","18.30","22.30"
"8","2025-03-24 14:00:00+00","50","4","9.00","31.30"
"8","2025-03-25 14:00:00+00","64","5","-5.00","26.30"
"8","2025-03-26 14:00:00+00","78","6","-5.00","21.30"
"8","2025-03-27 14:00:00+00","92","7","-5.00","16.30"
"8","2025-03-28 14:00:00+00","106","8","-5.00","11.30"
"8","2025-03-29 14:00:00+00","120","9","-5.00","6.30"
"8","2025-03-30 10:00:00+00","134","10","-5.00","1.30"
"8","2025-03-30 14:00:00+00","148","11","-5.00","-3.70"
"8","2025-03-31 14:00:00+00","162","12","-5.00","-8.70"
"8","2025-04-01 14:00:00+00","176","13","-5.00","-13.70"
"8","2025-04-02 14:00:00+00","190","14","30.00","16.30"
"8","2025-04-03 14:00:00+00","204","15","12.50","28.80"
"8","2025-04-04 14:00:00+00","218","16","-5.00","23.80"
"8","2025-04-05 10:00:00+00","232","17","9.00","32.80"
"9","2025-03-22 14:00:00+00","9","1","18.30","18.30"
"9","2025-03-23 10:00:00+00","23","2","-5.00","13.30"
"9","2025-03-23 14:00:00+00","37","3","-5.00","8.30"
"9","2025-03-24 14:00:00+00","51","4","-5.00","3.30"
"9","2025-03-25 14:00:00+00","65","5","-5.00","-1.70"
"9","2025-03-26 14:00:00+00","79","6","-5.00","-6.70"
"9","2025-03-27 14:00:00+00","93","7","-5.00","-11.70"
"9","2025-03-28 14:00:00+00","107","8","-5.00","-16.70"
"9","2025-03-29 14:00:00+00","121","9","-5.00","-21.70"
"9","2025-03-30 10:00:00+00","135","10","18.40","-3.30"
"9","2025-03-30 14:00:00+00","149","11","-5.00","-8.30"
"9","2025-03-31 14:00:00+00","163","12","12.50","4.20"
"9","2025-04-01 14:00:00+00","177","13","-5.00","-0.80"
"9","2025-04-02 14:00:00+00","191","14","-5.00","-5.80"
"9","2025-04-03 14:00:00+00","205","15","-5.00","-10.80"
"9","2025-04-04 14:00:00+00","219","16","18.30","7.50"
"9","2025-04-05 10:00:00+00","233","17","-5.00","2.50"
"10","2025-03-22 14:00:00+00","10","1","-5.00","-5.00"
"10","2025-03-23 10:00:00+00","24","2","9.00","4.00"
"10","2025-03-23 14:00:00+00","38","3","18.30","22.30"
"10","2025-03-24 14:00:00+00","52","4","-5.00","17.30"
"10","2025-03-25 14:00:00+00","66","5","30.00","47.30"
"10","2025-03-26 14:00:00+00","80","6","-5.00","42.30"
"10","2025-03-27 14:00:00+00","94","7","-5.00","37.30"
"10","2025-03-28 14:00:00+00","108","8","30.00","67.30"
"10","2025-03-29 14:00:00+00","122","9","-5.00","62.30"
"10","2025-03-30 10:00:00+00","136","10","-5.00","57.30"
"10","2025-03-30 14:00:00+00","150","11","-5.00","52.30"
"10","2025-03-31 14:00:00+00","164","12","-5.00","47.30"
"10","2025-04-01 14:00:00+00","178","13","-5.00","42.30"
"10","2025-04-02 14:00:00+00","192","14","-5.00","37.30"
"10","2025-04-03 14:00:00+00","206","15","12.50","49.80"
"10","2025-04-04 14:00:00+00","220","16","-5.00","44.80"
"10","2025-04-05 10:00:00+00","234","17","9.00","53.80"
"11","2025-03-22 14:00:00+00","11","1","18.30","18.30"
"11","2025-03-23 10:00:00+00","25","2","-5.00","13.30"
"11","2025-03-23 14:00:00+00","39","3","18.40","31.70"
"11","2025-03-24 14:00:00+00","53","4","-5.00","26.70"
"11","2025-03-25 14:00:00+00","67","5","-5.00","21.70"
"11","2025-03-26 14:00:00+00","81","6","-5.00","16.70"
"11","2025-03-27 14:00:00+00","95","7","-5.00","11.70"
"11","2025-03-28 14:00:00+00","109","8","-5.00","6.70"
"11","2025-03-29 14:00:00+00","123","9","-5.00","1.70"
"11","2025-03-30 10:00:00+00","137","10","-5.00","-3.30"
"11","2025-03-30 14:00:00+00","151","11","12.50","9.20"
"11","2025-03-31 14:00:00+00","165","12","-5.00","4.20"
"11","2025-04-01 14:00:00+00","179","13","18.30","22.50"
"11","2025-04-02 14:00:00+00","193","14","-5.00","17.50"
"11","2025-04-03 14:00:00+00","207","15","-5.00","12.50"
"11","2025-04-04 14:00:00+00","221","16","-5.00","7.50"
"11","2025-04-05 10:00:00+00","235","17","-5.00","2.50"
"12","2025-03-22 14:00:00+00","12","1","-5.00","-5.00"
"12","2025-03-23 10:00:00+00","26","2","9.00","4.00"
"12","2025-03-23 14:00:00+00","40","3","-5.00","-1.00"
"12","2025-03-24 14:00:00+00","54","4","-5.00","-6.00"
"12","2025-03-25 14:00:00+00","68","5","-5.00","-11.00"
"12","2025-03-26 14:00:00+00","82","6","-5.00","-16.00"
"12","2025-03-27 14:00:00+00","96","7","-5.00","-21.00"
"12","2025-03-28 14:00:00+00","110","8","-5.00","-26.00"
"12","2025-03-29 14:00:00+00","124","9","18.30","-7.70"
"12","2025-03-30 10:00:00+00","138","10","-5.00","-12.70"
"12","2025-03-30 14:00:00+00","152","11","-5.00","-17.70"
"12","2025-03-31 14:00:00+00","166","12","12.50","-5.20"
"12","2025-04-01 14:00:00+00","180","13","-5.00","-10.20"
"12","2025-04-02 14:00:00+00","194","14","-5.00","-15.20"
"12","2025-04-03 14:00:00+00","208","15","-5.00","-20.20"
"12","2025-04-04 14:00:00+00","222","16","18.40","-1.80"
"12","2025-04-05 10:00:00+00","236","17","9.00","7.20"
"13","2025-03-22 14:00:00+00","13","1","-5.00","-5.00"
"13","2025-03-23 10:00:00+00","27","2","9.00","4.00"
"13","2025-03-23 14:00:00+00","41","3","-5.00","-1.00"
"13","2025-03-24 14:00:00+00","55","4","-5.00","-6.00"
"13","2025-03-25 14:00:00+00","69","5","-5.00","-11.00"
"13","2025-03-26 14:00:00+00","83","6","-5.00","-16.00"
"13","2025-03-27 14:00:00+00","97","7","-5.00","-21.00"
"13","2025-03-28 14:00:00+00","111","8","-5.00","-26.00"
"13","2025-03-29 14:00:00+00","125","9","-5.00","-31.00"
"13","2025-03-30 10:00:00+00","139","10","-5.00","-36.00"
"13","2025-03-30 14:00:00+00","153","11","-5.00","-41.00"
"13","2025-03-31 14:00:00+00","167","12","-5.00","-46.00"
"13","2025-04-01 14:00:00+00","181","13","18.30","-27.70"
"13","2025-04-02 14:00:00+00","195","14","-5.00","-32.70"
"13","2025-04-03 14:00:00+00","209","15","-5.00","-37.70"
"13","2025-04-04 14:00:00+00","223","16","18.40","-19.30"
"13","2025-04-05 10:00:00+00","237","17","-5.00","-24.30"
"14","2025-03-22 14:00:00+00","14","1","-5.00","-5.00"
"14","2025-03-23 10:00:00+00","28","2","9.00","4.00"
"14","2025-03-23 14:00:00+00","42","3","-5.00","-1.00"
"14","2025-03-24 14:00:00+00","56","4","9.00","8.00"
"14","2025-03-25 14:00:00+00","70","5","-5.00","3.00"
"14","2025-03-26 14:00:00+00","84","6","-5.00","-2.00"
"14","2025-03-27 14:00:00+00","98","7","-5.00","-7.00"
"14","2025-03-28 14:00:00+00","112","8","-5.00","-12.00"
"14","2025-03-29 14:00:00+00","126","9","-5.00","-17.00"
"14","2025-03-30 10:00:00+00","140","10","-5.00","-22.00"
"14","2025-03-30 14:00:00+00","154","11","-5.00","-27.00"
"14","2025-03-31 14:00:00+00","168","12","-5.00","-32.00"
"14","2025-04-01 14:00:00+00","182","13","18.30","-13.70"
"14","2025-04-02 14:00:00+00","196","14","-5.00","-18.70"
"14","2025-04-03 14:00:00+00","210","15","-5.00","-23.70"
"14","2025-04-04 14:00:00+00","224","16","-5.00","-28.70"
"14","2025-04-05 10:00:00+00","238","17","-5.00","-33.70"